layout_spectrum: 0.3026981
color:
  saturation: 0.3397976
  brandStrength: 0.7877299
  lightness: 0.9131535
  rhythmicContrast: 0.3440135
typography_spectrum: 0.6273187
name: RUFFIN
